1.715814
16.250000
4.215206
9.072726
10.670965
9.966874
0.000000
10.512883
5.940979
0.342016
16.250000
1.610246
16.181997
16.250000
0.000000
7.111163
16.250000
0.000000
16.250000
0.059895
7.019677
16.250000
0.000000
15.514225
6.659002
5.517617
16.250000
0.000000
12.105422
13.172645
4.187476
0.283473
4.874851
12.956764
16.186908
1.815393
3.919416
16.250000
0.000000
16.250000
0.000000
16.250000
0.000000
16.250000
0.000000
5.247452
16.250000
4.014515
0.375179
0.000000
1.578902
16.250000
0.000000
16.250000
0.000000
16.250000
5.233628
3.587318
13.312782
2.001420
