1.211905
16.250000
7.485816
14.997489
5.574787
5.651290
0.000000
16.250000
0.000000
0.000000
16.250000
4.311657
16.250000
15.079903
0.000000
7.083224
16.250000
0.000000
16.250000
0.814143
6.983260
16.250000
0.000000
15.196348
7.673294
5.493256
16.250000
0.000000
12.629867
16.250000
0.169587
0.000000
4.845527
13.240624
16.250000
0.868199
3.854802
16.250000
0.000000
16.250000
0.000000
16.250000
0.000000
16.249979
0.023549
5.187560
16.250000
7.152059
0.400416
0.000000
0.000177
16.250000
0.000000
16.250000
0.000000
14.624349
7.046221
4.365255
16.250000
0.000000
