6.521800
13.714697
13.715089
15.306141
2.174638
6.481881
4.743821
15.915502
0.488965
2.722807
12.799489
13.295344
13.269677
11.306064
7.722708
9.230893
11.517526
6.307390
13.983225
11.502649
10.296620
8.838863
3.490891
13.005301
7.893690
6.623263
15.495181
6.377396
13.478983
15.192912
0.830610
0.558479
3.113543
11.300026
14.662828
5.131213
9.097522
14.266879
8.203375
15.691187
1.473543
12.044825
5.484013
11.184695
7.798895
7.365958
13.246115
0.494250
3.654092
0.983142
1.709056
6.534125
1.269544
14.811997
13.065278
15.515057
10.963382
9.933994
11.840578
2.783015
